0 0 0 0 0 0 0 0 0 0 0.0021 0 0.001 0 0 0 0 0 0 0 0 0 0 0 0 0 0 0 0 0 0 0 0 0 0.0012 0 0 0 3e-04 0 0 0 0 0 0.1432 0 0.0021 0 0 0 0 0 0 0 0 0 0.4355 0 0.0156 0 0 0 0 0 0.0026 0 5e-04 0 0 0 1e-04 0 0 0 0.0847 0 0 0 0.3038 0 0 0 0 0 0.0074 0 0 0
0 0 0 1e-04 0 0 0 5e-04 0 0.005 0 0.0345 0 0.0034 0 1e-04 0 1e-04 0 1e-04 0 0 0 0 2e-04 1e-04 0 0 0 0 0 1e-04 0 0.0034 0 0.0024 0 0.0067 0 0.01 0 7e-04 0 7e-04 0 0.2222 0 0.098 0 0 0 0.0037 0 8e-04 0 2e-04 0 0.2305 0 0.0723 0 0.0017 0 0.0031 0 0.0263 0 0.0043 0 0 0 0.0102 0 1e-04 0 0.1805 0 0 0 0.0383 0 0 0 0 0 0.0375 0 0.0023
0 0 0 0.0992 0 0 0 0 0 0 0 0 0.292 0.0021 0 0 0 0 0 0 0 0 0 0 0 0 0 0 0 0 0 0 1e-04 0 4e-04 0 0.006 0 3e-04 0 0.2387 0.0259 0.09 0 0.088 0 0.0682 0 0 0 0 0 1e-04 0 1e-04 0 0 0 1e-04 0 0 0 0 0 0.0753 0.0016 2e-04 0 0 0 0.0042 0 0 0 1e-04 0 0 0 0.0019 0 0 0 0 0 0.0055 0 2e-04 0
0 1e-04 0.0839 0 0 0 0 0 0 2e-04 1e-04 1e-04 0.0062 0.3019 0 0 0 0 0 0 0 0 0 0 0 0 0 0 0 0 0 0 0 0.001 0 6e-04 0 3e-04 0 0.0017 0.0052 0.2985 0 0.047 0 0.0622 0 0.0997 0 0 0 2e-04 0 2e-04 0 0 0 0 0 0 0 0 0 0 0.0039 0.0854 0 5e-04 0 0 0 3e-04 0 0 0 2e-04 0 0 0 0 0 0 0 0 0 3e-04 0 2e-04
0 0 0 0 0 0.1215 0.1486 0.012 0.0428 0.0095 2e-04 0 1e-04 0 0.0049 0 2e-04 0 6e-04 0 5e-04 0 0.0088 0.0144 0 0 0.0091 5e-04 0 0.0067 0 1e-04 0 0 0 0 0.0023 0 7e-04 0 0 0 0 0 0 0 1e-04 0 0.1876 5e-04 0.1531 3e-04 1e-04 0 1e-04 0 1e-04 0 1e-04 0 6e-04 0 0.0026 0 0 0 0.133 0.0011 0.0161 1e-04 0 0 1e-04 0 0 0 0 0 0 0 0 0 0 0 0 0 0.1156 0.0057
0 0 0 0 0.1397 0 0.0114 0.1027 1e-04 0.054 1e-04 0 0 0 0 0.0035 0 1e-04 0 7e-04 0 0.0025 0 0 0.0019 0.0014 0 0 0.0014 0 0.003 0.0068 0 0 0 0 0 2e-04 0 2e-04 0 0 0 0 0 0 0 0 4e-04 0.2003 0 0.1816 0 1e-04 0 1e-04 0 1e-04 0 0 0 1e-04 0 6e-04 0 0 0 0.2377 1e-04 0.0133 0 0 0 0 0 2e-04 0 0 0 0 0 0 0 0 0 0 4e-04 0.0352
0 0 0 0 0.1648 0.011 0 0.2961 0.0746 0.0164 0 0 0 0 7e-04 0 0 0 8e-04 0 0.0859 0.0215 0.0038 8e-04 0 0 0.0304 0.1487 0.0067 0.01 0 0 0 0 0 0 0 0 0.0032 0 0 0 0 0 0 0 0 0 0.0764 0.0363 2e-04 0 0 0 0 0 0 0 0 0 0 0 1e-04 0 0 0 0.0085 0 0.0029 0 0 0 1e-04 0 0 0 0 0 0 0 0 0 0 0 0 0 1e-04 0
0 3e-04 0 0 0.0152 0.1134 0.3392 0 0 0.0656 0 0 0 0 0 0.0029 0 1e-04 0 0.0027 0 0.0996 0 0 4e-04 0.0094 0 0.0425 0.1141 0 5e-04 0.1161 0 1e-04 0 0 0 1e-04 0 0.0072 0 0 0 0 0 0 0 0 1e-04 0.0408 0 0.002 0 0 0 0 0 0 0 0 0 0 0 0.0022 0 0 0 0.0249 0 1e-04 0 0 0 0 0 0 0 0 0 1e-04 0 0 0 0 0 0 0 1e-04
0 0 0 0 0.0571 1e-04 0.0899 0 0 0.2494 0.1415 0 3e-04 0 9e-04 0 0 0 1e-04 0 0 0 6e-04 0 0 0 0.0214 0.026 0 0 0 0 0 0 0.0023 0 1e-04 0 0.0068 0 0 0 0 0 0 0 1e-04 0 0 0 0.0064 0 0.0502 6e-04 0.056 0.0073 6e-04 0 0.0084 0 0.0216 0 0.0138 0 0.0737 0.0262 0.0216 0 0 0 0.0029 0 0.1084 8e-04 0 0 0 0 0 0 0 0 0 0 0 0 0.0029 0.0021
0 0.003 0 1e-04 0.0114 0.0562 0.0177 0.0619 0.2235 0 0.0281 0.1193 0 0 0 0.0033 0 0 0 6e-04 0 0 0 0 1e-04 0.0013 0 0.0183 0.07 0 0 0.0276 0 1e-04 0 5e-04 0 0.0011 0 0.0055 0 1e-04 0 1e-04 0 1e-04 0 5e-04 3e-04 8e-04 0 0.0039 0.003 0.0229 0.0044 0.0345 0 0.0013 0 0.001 0 0.0137 0 0.0062 3e-04 0.0635 0 0.0065 0 0 1e-04 0.0012 0.0091 0.151 0 0.0014 0 0 0 0 0 0 0 0 0 1e-04 0.0035 0.0207
0.0013 0 0 1e-04 3e-04 1e-04 0 0 0.1734 0.0385 0 0.3453 1e-04 0 0.0014 0 0 0 1e-04 0 0 0 0 0 0 0 0 0 0 0 0 0 0 0 0.0088 0 0.0569 3e-04 0.0884 0.0051 0 0 0 0 0 0 1e-04 0 0 0 5e-04 6e-04 0 0 0 0 0.0057 0.0031 0.0162 1e-04 0.0033 4e-04 2e-04 0 0.2003 0.0117 0.0147 6e-04 0 0 0.0149 2e-04 0 0 1e-04 1e-04 0 0 0 0 0 0 0 0 4e-04 0 0.0011 0.0057
0 0.027 0 1e-04 0 0 0 0 0 0.158 0.3346 0 0 0 0 0 0 0 0 0 0 0 0 0 0 0 0 0 0 0 0 0 0 0 2e-04 0.0021 0.0046 0.0945 0 0.0261 0 6e-04 0 0 0 1e-04 0 3e-04 0 0 0 0.0184 0 0 0 0 0 0.034 0 4e-04 0 0.0026 0 5e-04 0.0071 0.243 0 0.0206 0 0 0 9e-04 0 0 0 0.0018 0 0 0 0 0 0 0 0 0 9e-04 1e-04 0.0215
6e-04 0 0.2741 0.0069 2e-04 0 0 0 4e-04 0 1e-04 0 0 0.1329 0 0 0 0 0 0 0 0 0 0 0 0 0 0 0 0 0 0 0 0 1e-04 0 0.0018 0 0.0029 0 1e-04 0 0 0 0.0054 0 0.3954 0 0 0 1e-04 0 1e-04 0 0 0 2e-04 0 0.0177 0 0 0 0.0014 0 0.1354 0.0146 7e-04 0 0 0 0.0044 0 0 0 1e-04 0 0 0 0.001 0 0 0 0 0 0.0033 0 1e-04 0
0 0.0026 0.0019 0.3215 0 0 0 0 0 0 0 0 0.1275 0 0 0 0 0 0 0 0 0 0 0 0 0 0 0 0 0 0 0 0 0 0 0 0 0 0 0 0 0 0 0 0 0.0034 0 0.3484 0 0 0 0 0 0 0 0 0 0 0 0.0133 0 0 0 0 0.0046 0.1767 0 0 0 0 0 0 0 0 0 0 0 0 0 0 0 0 0 0 0 0 0 0
0 0 0 0 0.0087 0 0.001 0 0.0011 0 0.0015 0 0 0 0 0 0 0 0.3299 0 0 0 0.0735 0 0 0 9e-04 0 0 0 0 0 0 0 1e-04 0 0 0 0.1748 0 0 0 0 0 0 0 0 0 0 0 0.0017 0 0 0 0 0 3e-04 0 0.002 0 0.0083 0 0.2576 0 2e-04 0 0.035 0 0 0 0.0955 0 4e-04 0 8e-04 0 0 0 0 0 0 0 0.0049 0 0 0 0.0018 0
0 1e-04 0 0 0 0.0057 0 0.0043 0 0.0051 0 0 0 0 0 0 0 0.0087 0 0.3182 0 0 0 0 1e-04 0.0773 0 0 0 0 0 0.0079 0 0 0 0 0 0 0 0.1271 0 0 0 0 0 0 0 0 0 0 0 0.001 0 0 0 0 0 0 0 0 0 2e-04 0 0.238 0 0 0 0.0368 0 0 0 0.166 0 0 0 0 0 0 0 0 0 0 0 0.0036 0 0 0 0
0 0 0 0 3e-04 0 0 0 0 0 0 0 0 0 0 0 0 0 0.2382 0 1e-04 0 2e-04 0.3344 0 0 0 0 0 0.0934 0 0 0 0 0 0 0 0 0.1728 0 0 0 0 0 0 0 0 0 0.0431 0 0 0 0.0019 0 0.0067 0 0 0 0 0 0 0 0 0 0 0 0.005 0 0.0146 0 0 0 0 0 0 0 0 0 0 0 0 0 0.0895 0 0 0 0 0
0 1e-04 0 0 0 1e-04 0 1e-04 0 0 0 0 0 0 0 0.0076 0 0 0 0.2532 0 1e-04 0 0 0.3215 0.0018 0 0 1e-04 0 0.1072 0 0 0 0 0 0 1e-04 0 0.1648 0 0 0 0 0 0 0 0 0 0.0031 0 0 0 0.0031 0 0.0057 0 0 0 0 0 0 0 0 0 0 0 0.0022 0 0.0054 0 0 0 0 0 0 0 0 0 0 0 0 0 0.1239 0 0 0 0
0 0 0 0 0.0011 0 0.0013 0 2e-04 0 1e-04 0 0 0 0.3199 0 0.2588 0 0 0 0 0 0.2383 0.0289 0 0 5e-04 0 0 3e-04 0 0 0 0 0 0 0 0 0.1257 0 0 0 0 0 0 0 0 0 0 0 2e-04 0 0 0 0 0 0 0 0 0 4e-04 0 0.0069 0 0 0 0.0145 0 0 0 1e-04 0 0 0 1e-04 0 0 0 0 0 0 0 0.0026 0 0 0 1e-04 0
0 1e-04 0 0 0 0.0012 0 0.004 0 0.001 0 0 0 0 0 0.3184 0 0.2931 0 0 0 0.0015 0 0 0.0341 0.1965 0 0 3e-04 0 0.006 0.0095 0 0 0 0 0 2e-04 0 0.1171 0 0 0 0 0 0 0 0 0 3e-04 0 1e-04 0 0 0 0 0 0 0 0 0 0 0 2e-04 0 0 0 0.0053 0 0.0015 0 3e-04 0 0 0 0 0 0 0 1e-04 0 0 0 0.0092 0 0 0 0
0 0 0 0 0.001 0 0.144 0 0 0 0 0 0 0 0 0 1e-04 0 0 0 0 0.3437 0 0.0017 0 0 0.0031 0.0764 0.0044 0.2816 0 0 0 0 0 0 0 0 0 0 0 0 0 0 0 0 0 0 0.0131 0 0 0 0 0 0 0 0 0 0 0 0 0 0 0 0 0 0.0025 0 0.1256 0.0028 0 0 0 0 0 0 0 0 0 0 0 0 0 0 0 0 0 0
0 0 0 0 0 0.0035 0.0307 0.124 0 0 0 0 0 0 0 0 0 1e-04 0 0.0013 0.2923 0 0 0 0.0089 0 0 0.0013 0.0719 0 0.2666 4e-04 0 0 0 0 0 0 0 7e-04 0 0 0 0 0 0 0 0 0.0259 0.0307 0 0 0 0 0 0 0 0 0 0 0 0 0 0 0 0 0 0.0058 0.015 0.1208 0 0 0 0 0 0 0 0 0 0 0 0 0 0 0 0 0 0
0 0 0 0 0.0202 0 0.0078 0 0.001 0 0 0 0 0 0.0969 0 2e-04 0 0.324 0 0 0 0 0.0718 0 0 0.2871 0.0036 0 1e-04 0 0 0 0 0 0 0 0 0.0134 0 0 0 0 0 0 0 0 0 0 0 5e-04 0 0 0 0 0 0 0 0 0 0 0 0.1565 0 0 0 0.0156 0 1e-04 0 0 0 1e-04 0 0 0 0 0 0 0 0 0 0 0 0 0 0.001 0
0 0 0 0 0.0316 0 0.0015 0 0 0 0 0 0 0 0 0 0.4696 0 0.0374 0 0.002 0 0.0682 0 0 0 0.0164 2e-04 0 0.3358 0 0 0 0 0 0 0 0 0.0138 0 0 0 0 0 0 0 0 0 0 0 0 0 0 0 0 0 0 0 0 0 0 0 0 0 0 0 0.0217 0 0.0018 0 0 0 0 0 0 0 0 0 0 0 0 0 0 0 0 0 0 0
0 2e-04 0 0 0 0.0037 0 7e-04 0 1e-04 0 0 0 0 0 1e-04 0 0.4447 0 0.0407 0 0.0125 0 0 0 0.0908 0 0 6e-04 0 0.3855 5e-04 0 0 0 0 0 1e-04 0 0.0019 0 0 0 0 0 0 0 0 0 0 0 1e-04 0 0 0 0 0 0 0 0 0 0 0 0 0 0 0 0.0177 0 0 0 0 0 0 0 0 0 0 0 0 0 0 0 0 0 0 0 0
0 1e-04 0 0 0 0.0028 0 0.0165 0 0.0024 0 0 0 0 0 0.0932 0 0.0025 0 0.2369 0 0 0 0 0.0916 0 0 0 1e-04 0 0.0213 0.3093 0 0 0 0 0 2e-04 0 0.0188 0 0 0 0 0 0 0 0 0 0 0 4e-04 0 0 0 0 0 0 0 0 0 1e-04 0 0.1908 0 0 0 0.0127 0 0 0 0 0 0 0 0 0 0 0 1e-04 0 0 0 0 0 0 0 0
0 0 0 0 0.0202 0 0.0608 0 0.0355 0 0 0 0 0 0.0012 0 0 0 7e-04 0 0.0037 0 0.276 0.0166 0 0 0 0.3406 0 0.0705 0 0 0 0 0 0 0 0 0.0039 0 0 0 0 0 0 0 0 0 0 0 0.0019 0 0 0 4e-04 0 0 0 0 0 1e-04 0 0.0512 0 0 0 0.0106 0 0 0 0 0 0.1058 0 0 0 0 0 0 0 0 0 0 0 0 0 4e-04 0
0 0 0 0 8e-04 0 0.2345 0.0585 0.034 0.0267 0 0 0 0 0 0 0 0 0 0 0.0719 0.0014 0.0027 2e-04 0 0 0.2687 0 0.2318 0.0203 0 0 0 0 0 0 0 0 1e-04 0 0 0 0 0 0 0 0 0 0 0 0 0 0 0 0 0 0 0 0 0 0 0 0 0 0 0 4e-04 0 0 0 0 0 0.0465 0.0014 0 0 0 0 0 0 0 0 0 0 0 0 0 0
0 0 0 0 0 0.0027 0.0131 0.1952 0 0.127 0 0 0 0 0 0 0 1e-04 0 4e-04 0.0051 0.0988 0 0 6e-04 1e-04 0 0.288 0 0 0.0069 0.2013 0 0 0 0 0 0 0 2e-04 0 0 0 0 0 0 0 0 0 0 0 0 0 0 0 0 0 0 0 0 0 0 0 0 0 0 0 0.0026 0 0 0 0 0.0091 0.0488 0 0 0 0 0 0 0 0 0 0 0 0 0 0
0 0 0 0 0.0116 0 0.0156 0 0 0 0 0 0 0 0 0 0.1035 0 3e-04 0 0.2621 0 1e-04 0.265 0 0 0.055 0.0201 0 0 0 0 0 0 0 0 0 0 0.0038 0 0 0 0 0 0 0 0 0 0.0226 0 0 0 1e-04 0 1e-04 0 0 0 0 0 0 0 0 0 0 0 0.008 0 0.232 0 0 0 0 0 0 0 0 0 0 0 0 0 0 0 0 0 0 0
0 0 0 0 0 0.0041 0 7e-04 0 0 0 0 0 0 0 0 0 0.1047 0 0.005 0 0.2628 0 0 0.272 0.0149 0 0 0.0049 0 0 0.0333 0 0 0 0 0 0 0 0.0028 0 0 0 0 0 0 0 0 0 0.0171 0 0 0 0 0 0 0 0 0 0 0 0 0 0 0 0 0 0.015 0 0.2628 0 0 0 0 0 0 0 0 0 0 0 0 0 0 0 0 0 0
0 1e-04 0 0 1e-04 0.0115 0 0.1772 0 0.0446 0 0 0 0 0 0.0083 0 0 0 0.01 0 5e-04 0 0 4e-04 0.2692 0 0 0.1796 0 0.0415 0 0 0 0 0 0 0 0 0.0011 0 0 0 0 0 0 0 0 0 0 0 6e-04 0 0 0 0 0 0 0 0 0 8e-04 0 0.0631 0 0 0 0.0101 0 0 0 1e-04 0 0.181 0 0 0 0 0 0 0 0 0 0 0 0 0 0
0 0 1e-04 0 0 0 0 0 0 0 0 0 0 0 0 0 0 0 0 0 0 0 0 0 0 0 0 0 0 0 0 0 0 0 0 0 0.0659 0 0 0 0.2115 0 0.1908 0 0.0456 0 0 0 0 0 0 0 0.1317 0 0.0625 0 0 0 0 0 0 0 0 0 0 0 0 0 0 0 0 0 0 0 0 0 0.2459 0 0.0266 0 0.0177 0 0.0013 0 4e-04 0 0 0
0 0.0027 0 0.0011 0 0 0 1e-04 0 1e-04 0 0 0 0 0 0 0 0 0 0 0 0 0 0 0 0 0 0 0 0 0 0 0 0 0 3e-04 0 0.0375 0 8e-04 0 0.1816 0 0.2391 0 0.0145 0 1e-04 0 0 0 4e-04 0 0.1428 0 0.0931 0 0 0 0 0 0 0 0 0 8e-04 0 3e-04 0 0 0 4e-04 0 0 0 2e-04 0 0.1783 0 0.0667 0 0.0353 0 5e-04 0 0.0033 0 1e-04
0.0011 0 5e-04 0 0 0 0 0 0.004 0 0.0125 2e-04 1e-04 0 1e-04 0 0 0 0 0 0 0 0 0 0 0 0 0 0 0 0 0 0 0 0 0 0.0122 1e-04 0.1662 0 0 0 0 0 5e-04 0 0 0 0 0 0 0 0 0 0 0 0.0025 0 0.0041 0 0.0195 0 0 0 2e-04 0 0.059 0 0 0 0.313 0 0 0 0 0 0 0 4e-04 0 0 0 0 0 0.4017 0 0.001 9e-04
0 0.0023 0 8e-04 0 0 0 0 0 8e-04 0 0.0026 0 0 0 0 0 0 0 0 0 0 0 0 0 0 0 0 0 0 0 0 0 4e-04 0 0 0 0.0031 0 0.2667 0 3e-04 0 2e-04 0 6e-04 0 2e-04 0 0 0 0.026 0 0 0 0 0 0.0013 0 1e-04 0 0 0 0 0 0.0015 0 0.0134 0 0 0 0.3161 0 0 0 0.0013 0 0 0 1e-04 0 0 0 0.0034 0 0.3521 0 0.0065
0 0 0.0058 0 0.0038 0 0 0 2e-04 0 0.0586 0.0049 0.0018 0 0 0 0 0 0 0 0 0 0 0 0 0 0 0 0 0 0 0 0.0666 0 0.0089 0 0 0 0.033 0 0.0223 0 0 0 0.0044 0 7e-04 0 0.0045 0 0.0204 0 0.1218 0 0.2028 0 2e-04 0 2e-04 0 0 0 0 0 0.043 0 0.0386 0 3e-04 0 0.0187 0 0 0 2e-04 0 0.0032 0 0.0477 0 0 0 0.0073 0 0.0845 0 0.1826 0.0129
0 0.0048 0 3e-04 0 2e-04 0 1e-04 0 0.0013 2e-04 0.0869 0 0 0 0 0 1e-04 0 2e-04 0 0 0 0 1e-04 2e-04 0 0 0 0 0 0 0 0.0341 1e-04 0.0023 0 0 0 0.0696 0 0.0235 0 1e-04 0 0.0013 0 2e-04 0 0.0104 0 0.0101 0 0.1521 0 0.1674 0 0.0016 0 4e-04 0 3e-04 0 2e-04 0 0.0359 0 0.027 0 0 0 0.0286 0 0 0 0.0439 0 0.0057 0 0.0426 0 0.0151 0 0.0094 0 0.0796 0.002 0.1418
1e-04 0 2e-04 0 7e-04 0 0.0029 0 0.005 0 0.0537 0 0.0018 0 0.0994 0 0.1101 0 0.0737 0 0 0 0.0058 0.0063 0 0 0.0018 1e-04 0 0.0022 0 0 0 0 0.0711 0 0.0195 0 0 0 0 0 0 0 2e-04 0 3e-04 0 0.0207 0 6e-04 0 0 0 0 0 0.0035 0 0.0012 0 0.0092 0 0.0068 0 0.0027 0 0.2248 0 0.0015 0 0.1523 0 0 0 0.0017 0 0 0 7e-04 0 1e-04 0 0.0589 0 0.0516 0 0.0072 0.002
0 0.0047 0 0.0011 0 2e-04 0 0.0054 0 0.0044 0.003 0.0156 0 0 0 0.0654 0 0.098 0 0.0602 0 4e-04 0 0 8e-04 0.008 0 0 1e-04 0 0.0017 6e-04 0 5e-04 0 0.1291 0 0.0453 0 0 0 2e-04 0 1e-04 0 4e-04 0 3e-04 0 0.0551 0 0.0026 0 5e-04 0 1e-04 0 0.0023 0 0.0016 0 0.0094 0 0.0026 0 0.0023 0 0.1934 0 5e-04 1e-04 0.1455 0 0 0 0.0032 0 1e-04 0 0.0012 0 0.0054 0 0.0566 0 0.0674 0 0.0049
0 0 0.2661 0.0068 0 0 0 0 0 0 0 0 1e-04 0 0 0 0 0 0 0 0 0 0 0 0 0 0 0 0 0 0 0 0.2484 0 0 0 0.0259 0 0 0 0 0.0282 0.2065 0 0.0488 0 0.0032 0 0 0 0 0 0.0765 0 0.0384 0 0 0 0 0 0 0 0 0 0.0273 0 1e-04 0 0 0 3e-04 0 0 0 6e-04 0 0 0 0.0036 0 0 0 0 0 0.0079 0 0.0113 0
0 6e-04 0.0285 0.3885 0 0 0 0 0 2e-04 0 7e-04 0 0 0 0 0 0 0 0 0 0 0 0 0 0 0 0 0 0 0 0 0 0.219 0 3e-04 0 0.0312 0 3e-04 0.0279 0 0 0.118 0 0.0084 0 0 0 0 0 1e-04 0 0.0509 0 0.0372 0 0 0 0 0 0 0 0 0 0.0552 0 1e-04 0 0 0 3e-04 0 0 0 0 0 0 0 0.001 0 0 0 0 0 1e-04 0.0031 0.0283
0 0 0.1039 0 0 0 0 0 0 0 0 0 0 0 0 0 0 0 0 0 0 0 0 0 0 0 0 0 0 0 0 0 0.2321 0 0 0 0 0 0 0 0.2139 0 0 0 0.3136 0 0 0 0 0 0 0 0 0 0 0 0 0 0 0 0 0 0 0 0 0 0 0 0 0 0 0 0 0 0 0 0.1156 0 0.0209 0 0 0 0 0 0 0 0 0
0 8e-04 0 0.0806 0 0 0 0 0 3e-04 0 0 0 0 0 0 0 0 0 0 0 0 0 0 0 0 0 0 0 0 0 0 0 0.3798 0 3e-04 0 1e-04 0 1e-04 0 0.1553 0 0 0 0.2288 0 1e-04 0 0 0 0 0 0 0 0 0 0 0 0 0 0 0 0 0 1e-04 0 1e-04 0 0 0 3e-04 0 0 0 0 0 0.1104 0 0.0426 0 0 0 0 0 0 0 1e-04
0.0949 0 0.0845 0 0 0 0 0 0 0 0 0 0.0055 0 0 0 0 0 0 0 0 0 0 0 0 0 0 0 0 0 0 0 0.0462 0 4e-04 0 0.0044 0 4e-04 0 0.0421 0 0.2609 0 0 0 0.2284 0 0 0 2e-04 0 0.0021 0 2e-04 0 0.045 0 0.0141 0 0 0 3e-04 0 7e-04 0 5e-04 0 0 0 0.0019 0 0 0 0 0 5e-04 0 0.1649 0 0 0 3e-04 0 0.0015 0 3e-04 0
0 0.2255 0 0.0862 0 0 0 0 0 2e-04 0 1e-04 0 0.0044 0 0 0 0 0 0 0 0 0 0 0 0 0 0 0 0 0 0 0 0.0186 0 7e-04 0 0.0019 0 9e-04 0 0.009 0 0.185 0 0 0 0.2752 0 0 0 8e-04 0 6e-04 0 0 0 1e-04 0 0 0 0 0 1e-04 0 0.005 0 0.0012 0 0 0 4e-04 0 0 0 0.0014 0 0 0 0.1815 0 0 0 0 0 3e-04 0 0.001
0.0015 0 0.074 0 1e-04 0 0 0 1e-04 0 1e-04 0 0.4571 0 0 0 0 0 0 0 0 0 0 0 0 0 0 0 0 0 0 0 0 0 0 0 8e-04 0 6e-04 0 0.0031 0 0 0 0.258 0 0 0 0 0 2e-04 0 0 0 0 0 0.0017 0 0.1575 0 1e-04 0 6e-04 0 0.037 1e-04 0.001 0 0 0 9e-04 0 0 0 0 0 0 0 0.0051 0 0 0 0 0 2e-04 0 1e-04 0
0 0.0886 0 0.1232 0 0 0 0 0 8e-04 0 3e-04 0 0.4041 0 0 0 0 0 0 0 0 0 0 0 0 0 0 0 0 0 0 0 1e-04 0 2e-04 0 3e-04 0 6e-04 0 0 0 1e-04 0 0.2452 0 0 0 0 0 5e-04 0 2e-04 0 0 0 0 0 0.0559 0 0 0 0 1e-04 0.0784 0 3e-04 0 0 0 2e-04 0 0 0 6e-04 0 0 0 0 0 0 0 0 0 1e-04 0 3e-04
0 0 0 0 0.3404 6e-04 0.125 1e-04 0 5e-04 0 0 0 0 0 0 0.05 0 0 0 0.0128 0.0298 0 0 0 0 0 0 0 0.0237 0 0 0 0 0 0 0.0049 0 0.0378 0 0 0 0 0 0 0 0 0 0 0.1242 0.0069 7e-04 0.0012 0 0.009 0 0 0 0 0 0 0 0 0 0 0 0.0472 0 0.151 0.0083 0 0 0 0 0 0 0 0 0 0 0 0 0.0143 0 0 0 0.0103 0.0014
0 0 0 0 8e-04 0.301 0.0566 0.0556 0 0.0011 0 0 0 0 0 0 0 0.0033 0 3e-04 0 0.0336 0 0 0 0 0 0 0 0 0.019 0 0 0 0 0 0 0.0124 0 0.1004 0 0 0 0 0 0 0 0 0.1183 0 0 0.0226 0 7e-04 0 0.0187 0 0 0 0 0 0 0 0 0 0 0 0.0108 0.0158 0.2044 0 0 0 0 0 0 0 0 0 0 0 0 0 0.0103 0 0 0.0018 0.0126
0 0 0 0 0.2497 0 4e-04 0 0.0078 0 5e-04 0 1e-04 0 0.0016 0 0 0 2e-04 0 0 0 4e-04 0 0 0 0.0014 0 0 0 0 0 0 0 0 0 0.0197 0 0.001 0 0 0 0 0 2e-04 0 2e-04 0 0.0062 0 0 0 1e-04 0 6e-04 0 0.0021 0 0.0011 0 0.006 0 0.0163 0 5e-04 0 0.6137 0 0.0064 0 0 0 0 0 2e-04 0 0 0 0 0 0 0 0 0 0 0 0.0637 2e-04
0 0.0025 0 2e-04 4e-04 0.2164 0 0.0021 0 0.0044 5e-04 0.0159 0 0 0 7e-04 0 0 0 1e-04 0 0 0 0 1e-04 2e-04 0 0 0 0 0 4e-04 0 4e-04 0 0.0182 0 0.0095 0 0.0038 0 1e-04 0 0 0 5e-04 0 4e-04 5e-04 0.0179 0 0 0 1e-04 0 0.0032 0 0.0063 0 4e-04 0 0.0069 0 0.006 0 0.0012 0 0.4638 0 1e-04 0 0.0018 0 0 0 0.0053 0 0 0 1e-04 0 0 0 0 0 0.0026 0.005 0.2017
0 0 1e-04 0 1e-04 0 0 0 0.0419 0.0028 0 0 1e-04 0 0 0 0.0014 0 0 0 0 0 0 0 0 0 0 0 0 1e-04 0 0 0.0881 0 0 0 0.0806 0 0 0 0.0436 0 0 0 0.0014 0 0 0 7e-04 0 1e-04 0 0 0 0.6 0.0351 0 0 1e-04 0 0.0015 0 0.0039 0 0.0095 2e-04 1e-04 0 1e-04 0 0 0 0.0216 0.0184 1e-04 0 0.0012 0 0.0131 0 0.0047 0 0.0222 0 6e-04 0 0.0068 0
0 4e-04 0 1e-04 0 1e-04 0 0 5e-04 0.0213 0 0 0 0 0 0 0 0.0022 0 0 0 0 0 0 0 0 0 0 0 0 0 0 0 0.0991 0 0 0 0.1159 0 5e-04 0 0.0293 0 0 0 3e-04 0 1e-04 0 5e-04 0 1e-04 0 0 0.0324 0.5982 0 0 0 2e-04 0 0.0152 0 0.0038 0.0026 0.0322 0 1e-04 0 0 0 1e-04 0 0.019 0 2e-04 0 1e-04 0 6e-04 0 0.0051 0 0.0146 0 0.0013 4e-04 0.0037
0 0 1e-04 0 1e-04 0 0 0 0.0424 0.0037 0 0 0 0 0 0 0.0044 0 0 0 0 0 0 0 0 0 2e-04 0 0 1e-04 0 0 0.038 0 0 0 0.1218 0 0 0 0.0199 0 0 0 1e-04 0 0 0 0.005 0 4e-04 0 0.5447 0.0295 0 0 0 0 4e-04 0 0.0343 0 0.0075 0 0.0304 1e-04 3e-04 0 0 0 0 0 0.0409 0.0401 0 0 0 0 0.0031 0 0.0099 0 0.0181 0 1e-04 0 0.0044 1e-04
0 1e-04 0 0 0 1e-04 0 0 0.0051 0.0269 0 0 0 0 0 0 0 0.0033 0 0 0 0 0 0 0 0 0 0 0 0 0 0 0 0.0543 0 0 0 0.1072 0 1e-04 0 0.018 0 0 0 0 0 0 0 0.0101 0 0.0022 0.0294 0.5024 0 0 0 0 0 0 0 0.0807 0 0.0175 0.0019 0.0814 0 0.0011 0 0 0 3e-04 0 0.0411 0 0 0 0 0 3e-04 0 0.0036 0 0.0066 0 1e-04 2e-04 0.0063
0.2782 0 0 0 1e-04 0 0 0 8e-04 0 0.0057 0 2e-04 0 3e-04 0 0 0 0 0 0 0 0 0 0 0 0 0 0 0 0 0 0 0 0.0017 0 2e-04 0 0.0058 0 0 0 0 0 0.0434 0 0.0015 0 0 0 0.0021 0 0 0 0 0 0 0 0.2681 0 0.1382 0 0.0018 0 5e-04 0 0.0039 0 0 0 8e-04 0 0 0 0.2415 0 0 0 3e-04 0 0 0 0 0 0.0036 0 9e-04 5e-04
0 0.2242 0 0 0 1e-04 0 0 0 0.0021 0.0037 0.0422 0 0 0 0 0 0 0 0 0 0 0 0 0 0 0 0 0 0 0 0 0 0 0 0.0013 0 0.0022 0 0.0049 0 0 0 0 0 1e-04 0 0 0 0 0 0.0091 0 0 0 0 0 0 0 0.2094 0 0.0863 0 0.002 0 0.0018 0 0.0051 0 0 0 0.0016 0 0 0 0.4015 0 0 0 0 0 0 0 0 0 3e-04 0 0.002
0.0134 0 1e-04 0 1e-04 0 0 0 0.0138 0 0.0216 0 0.0235 0 0.0025 0 0 0 0 0 0 0 0 0 0 0 0 0 0 0 0 0 0 0 0.0039 0 2e-04 0 0.0027 0 0 0 0 0 0.0184 0 0.1808 0 0 0 0.0014 0 1e-04 0 9e-04 0 0.3607 0 0 0 0.0702 0 7e-04 0 0.2661 0 0.0058 0 0 0 0.0072 0 0 0 0.0027 0 0 0 1e-04 0 0 0 0 0 0.0016 0 0.0012 2e-04
0 0.0988 0 0 0 0 0 0 0 0.0024 1e-04 7e-04 0 0.0234 0 0 0 0 0 0 0 0 0 0 0 0 0 0 0 0 0 0 0 0 0 1e-04 0 7e-04 0 0.0048 0 0 0 0 0 0 0 0.0845 0 0 0 9e-04 0 4e-04 0 0 0 0.2941 0 0 0 0.1743 0 0 0 0.3113 0 1e-04 0 0 0 0.0022 0 0 0 6e-04 0 0 0 0 0 0 0 0 0 1e-04 0 1e-04
0 0 0 0 0.001 0 0 0 0.0275 0 0.0035 0 0 0 0.0081 0 0 0 4e-04 0 0 0 0 0 0 0 1e-04 0 0 0 0 0 0 0 0.0143 0 0 0 0.0159 0 0 0 0 0 0 0 1e-04 0 0 0 0.0062 0 0.0023 0 0.0577 0 0.1449 0 0.0547 0 0 0 0.2893 0 0.0125 0 0.0079 0 0 0 0.1795 0 4e-04 0 0.1484 0 0 0 0 0 0 0 0 0 0.0134 0 0.0093 0.0027
0 0.0013 0 0 0 1e-04 0 0 0 0.0175 4e-04 0.0026 0 0 0 2e-04 0 0 0 0 0 0 0 0 0 1e-04 0 0 0 0 0 7e-04 0 0 0 0 0 3e-04 0 0.0152 0 0 0 0 0 0 0 0 0 0 0 0.0078 0 0.021 0 0.1329 0 0.0674 0 0.0968 0 0 0 0.2696 0 0.0265 0 0.0142 0 0 2e-04 0.1578 0 0.0037 0 0.1405 0 0 0 0 0 0 0 0 0 0.0097 0 0.0137
0 0 0 0 0.0051 0 2e-04 0 0.0202 0 2e-04 0 0.0017 0 0.2884 0 0 0 0.008 0 0 0 0.1329 0 0 0 0.0452 0 0 0 0 0 0 0 0 0 0 0 0.0134 0 0 0 0 0 3e-04 0 6e-04 0 0 0 0.0196 0 0.0068 0 0.0145 0 0.0022 0 6e-04 0 0.3324 0 0 0 0.0013 0 0.0304 0 0 0 0.0455 0 0.0212 0 3e-04 0 0 0 0 0 0 0 0 0 0 0 0.009 0
0 0.0028 0 0 0 9e-04 0 0.0032 0 0.0096 0 6e-04 0 0 0 0.2366 0 0 0 2e-04 0 0 0 0 0 0.1573 0 0 0 0 0 0.0597 0 0 0 0 0 2e-04 0 0.005 0 0 0 0 0 1e-04 0 0 0 0 0 0.008 0 0.0062 0 0.0344 0 0.0019 0 0 0 0.3217 0 0 0 1e-04 0 0.0195 0 0 0 0.0727 0 0.0548 0 0.0013 0 0 0 0 0 0 0 0 0 0 0 0.0033
0.0014 0 0.0587 0.0036 0 0 0 0 0.0754 4e-04 0.1672 0.0061 0.1123 0.004 1e-04 0 0 0 0 0 0 0 0 0 0 0 0 0 0 0 0 0 0 0 1e-04 0 0.0348 0 0.0037 0 0.019 0 0 0 6e-04 0 0.0265 1e-04 0 0 4e-04 0 0.0117 0.0032 0.0411 0.0027 4e-04 0 0.1663 0 0.01 0 9e-04 0 0 0.2336 7e-04 0 0 0 0.008 0 0 0 1e-04 0 0 0 1e-04 0 0 0 0 0 0.0043 0 0.0024 0
0 0.0135 0.001 0.06 0 0 0 0 0.0205 0.0553 0.0075 0.1598 0.0093 0.1166 0 0 0 0 0 0 0 0 0 0 0 0 0 0 0 0 0 0 0 5e-04 0 8e-04 0 0.0257 0 0.0026 0 0.0298 0 1e-04 0 0.0025 1e-04 0.0446 0 0 0 9e-04 2e-04 0.0302 1e-04 0.0909 0 0.001 0 0.1172 0 0.018 0 1e-04 0.1783 0 0 0.0011 0 0 0 8e-04 0 0 0 3e-04 0 0 0 2e-04 0 0 0 0 0 4e-04 1e-04 0.0106
2e-04 0 1e-04 0 0.1303 0 0.0075 0 0.0158 0 0.0088 0 4e-04 0 0.0196 0 0.0031 0 0.0084 0 0.0013 0 0.0066 0.0097 0 0 0.0047 2e-04 0 0.0045 0 0 0 0 0.0249 0 0.0225 0 0.2217 0 1e-04 0 0 0 3e-04 0 5e-04 0 0.0255 0 0.3688 0 1e-04 0 3e-04 0 0.0024 0 0.0026 0 0.0045 0 0.0152 0 5e-04 0 0 0 0.0018 0 0.0025 0 1e-04 0 1e-04 0 0 0 2e-04 0 0 0 0.0118 0 0.0036 0 0.0663 0.0024
0 0.0022 0 3e-04 0.0011 0.2179 0 0.0206 0 0.0057 4e-04 0.0137 0 0 0 0.021 0 0.0015 0 0.003 0 0.0039 0 0 0.0084 0.006 0 0 0.0012 0 0.0101 0.0055 0 2e-04 0 0.0072 0 0.0195 0 0.2147 0 1e-04 0 1e-04 0 6e-04 0 2e-04 0 0.0066 0 0.3567 0 1e-04 0 0.0012 0 0.0027 0 1e-04 0 0.0098 0 0.0112 0 0.0011 0 0 0 0.0056 0 8e-04 0 0 0 0.0027 0 0 0 5e-04 0 1e-04 0 0.0019 0 0.0052 1e-04 0.0287
0 0 0 0 0.0382 3e-04 0.0061 0 0 0 0 0 0 0 0 0 0.0221 0 0 0 0.1598 0.0225 1e-04 0.0019 0 0 0 0 0 0.3174 0 0 0 0 0 0 4e-04 0 0.0036 0 0 0 0 0 0 0 0 0 0.197 0.0216 0.0093 0 1e-04 0 0 0 0 0 0 0 0 0 0 0 0 0 0.0045 0 0 0.1796 0 0 0 0 0 0 0 0 0 0 0 0 0 0 0 0 0.015 5e-04
0 0 0 0 1e-04 0.0247 0 2e-04 0 0 0 0 0 0 0 0 0 0.0072 0 0.0017 0.0032 0.1635 0 0 0 0 0 0 0 0 0.3608 0 0 0 0 0 0 0 0 0.001 0 0 0 0 0 0 0 0 0.0098 0.253 0 2e-04 0 0 0 0 0 0 0 0 0 0 0 0 0 0 0 0.0113 0.1624 0 0 0 0 0 0 0 0 0 0 0 0 0 0 0 0 0 0 7e-04
1e-04 0 0.0035 0 0 0 0 0 0.0032 1e-04 0.0134 0 0.004 0 0.0804 0 0 0 1e-04 0 0 0 0 0 0 0 0 0 0 0 0 0 0 0 0.1983 0 0.0163 0 0.2256 1e-04 2e-04 0 0 0 0.0017 0 7e-04 0 0 0 0 0 0 0 0 0 7e-04 0 0.0048 0 0.1551 2e-04 0.0342 0 0.0086 0 0.0038 0 0 0 0 0 0 0 0.0557 0 0 0 0 0 0 0 0.0178 0 0.1686 0 0.0025 5e-04
0 0.0067 0 3e-04 0 0 0 0 0 0.0013 1e-04 8e-04 0 0 0 0.1192 0 0 0 2e-04 0 0 0 0 0 0 0 0 0 0 0 1e-04 0 4e-04 0 0.2139 0 0.026 0 0.2033 0 2e-04 0 1e-04 0 3e-04 0 1e-04 0 0 0 0.0017 0 1e-04 0 4e-04 0 0.0011 0 0.0011 0 0.1361 0 0.0525 0 0.001 0 0.001 0 0 0 0 0 0 0 0.0688 0 0 0 1e-04 0 0 0 0.0637 0 0.0964 0 0.0028
0 0 0 0 3e-04 0 1e-04 0 0.1999 0.0188 0 0 0 0 5e-04 0 0 0 0 0 0 0 1e-04 0 0 0 0.1176 0.0655 0.0103 0 0 0 0 0 0 0 0 0 0 0 0 0 0 0 0 0 0 0 0 0 0 0 0.0477 0 0.0996 0 0 0 0 0 5e-04 0 0.0267 0 0 0 1e-04 0 0 0 0 0 0 0.4121 0 0 0 0 0 0 0 0 0 0 0 0 0 0
0 1e-04 0 0 0 0 0 0 0.0011 0.2252 0 0 0 0 0 0 0 0 0 0 0 0 0 0 0 0 0 0.0014 0.0402 0 0 0.1668 0 0 0 0 0 0 0 0 0 0 0 0 0 0 0 0 0 0 0 0 0.0294 0.0305 0.0707 0.0786 0 0 0 0 0 0.0043 0 0.0533 0 0 0 0 0 0 0 0 0.2986 0 0 0 0 0 0 0 0 0 0 0 0 0 0 0
0.0769 0 1e-04 0 0 0 0 0 0 0 1e-04 0 1e-04 0 0.0011 0 0 0 1e-04 0 0 0 0 0 0 0 0 0 0 0 0 0 0 0 0 0 2e-04 0 0.004 0 7e-04 0 0 0 0 0 0 0 0 0 2e-04 0 1e-04 0 0 0 0.3433 0 0.0029 0 0.2012 0 4e-04 0 1e-04 0 1e-04 0 0 0 0.0874 0 0 0 0 0 0 0 0.0175 0 0 0 0 0 0.263 0 1e-04 0
0 0.1535 0 2e-04 0 4e-04 0 0 0 0.002 1e-04 0.0019 0 0 0 0 0 0 0 0 0 0 0 0 0 0 0 0 0 0 0 0 0 2e-04 0 0.0011 0 0.0519 0 0.0057 0 0 0 0 0 0.0012 0 6e-04 0 0 0 0.0067 0 3e-04 0 0 0 0.3508 0 4e-04 0 0.1574 0 0.0012 0 5e-04 0 0.0044 0 0 0 0.0893 0 0 0 0 0 0 0 0.0025 0 0 0 0 0 0.1637 0 0.0042
0 0 0 0 0 0 0 0 0 0 0 0 0 0 0 0 0 0 0 0 0 0 0 0 0 0 0 0 0 0 0 0 0.3837 0 0 0 0.0049 0 0 0 0 0 0.1482 0 7e-04 0 0 0 0 0 0 0 0.0028 0 0 0 0 0 0 0 0 0 0 0 0 0 0 0 0 0 0 0 0 0 0 0 0 0 0.3998 0 0.0557 0 0.0039 0 3e-04 0 0 0
0 0 0 0 0 0 0 0 0 0 0 0 0 0 0 0 0 0 0 0 0 0 0 0 0 0 0 0 0 0 0 0 0 0.3149 0 0 0 0.0111 0 3e-04 0 0 0 0.1228 0 0 0 0 0 0 0 0 0 2e-04 0 0 0 0 0 0 0 0 0 0 0 0 0 0 0 0 0 0 0 0 0 0 0 0 0 0.4131 0 0.1355 0 0.0018 0 3e-04 0 0
0.165 0 0.0015 0 0 0 0 0 0 0 0 0 8e-04 0 0 0 0 0 0 0 0 0 0 0 0 0 0 0 0 0 0 0 0.0221 0 2e-04 0 0.0391 0 0.001 0 0.0025 0 0.0143 0 0.1352 0 0.0037 0 0 0 0 0 0.0162 0 0.0042 0 2e-04 0 1e-04 0 0 0 0 0 1e-04 0 3e-04 0 0 0 0 0 0 0 0.0105 0 0.2125 0 0 0 0.0651 0 0.0514 0 0.2531 0 8e-04 0
0 0.0318 0 0 0 0 0 2e-04 0 0 0 0 0 0 0 0 0 0 0 1e-04 0 0 0 0 0 1e-04 0 0 0 0 0 0 0 0.0701 0 1e-04 0 0.0491 0 0.0022 0 9e-04 0 0.0281 0 0.1484 0 0 0 0 0 1e-04 0 9e-04 0 5e-04 0 0 0 0 0 0 0 0 0 3e-04 0 7e-04 0 0 0 2e-04 0 0 0 0.0024 0 0.2457 0 0 0 0.0604 0 0.0503 0 0.3068 0 5e-04
0 0 0 0 0 0 0 0 0 0 0 0 0 0 0 0 0 0 0 0 0 0 0 0 0 0 0 0 0 0 0 0 0.0616 0 0 0 0 0 3e-04 0 0 0 0 0 0 0 0 0 0 0 0 0 0.0246 0 0.0567 0 0 0 0 0 0 0 0 0 0 0 0 0 0 0 0 0 0 0 0 0 0.1239 0 0.2724 0 0 0 0.4605 0 0 0 0 0
0 0 0 0 0 0 0 0 0 0 0 0 0 0 0 0 0 0 0 0 0 0 0 0 0 0 0 0 0 0 0 0 0 0.0984 0 0 0 0.0463 0 0.0254 0 0 0 0 0 0 0 0 0 0 0 0 0 0.0204 0 0.0173 0 0 0 0 0 0 0 0 0 0 0 5e-04 0 0 0 0 0 0 0 0 0 0.2136 0 0.1601 0 0 0 0.4095 0 0.0084 0 0
0 0 0 0 0 0 0 0 0 0 0 0 0 0 0.0076 0 0.1549 0 0.0042 0 0 0 0 0 0 0 0 0 0 0 0 0 0.002 0 0 0 0.0118 0 0.16 0 0 0 0 0 4e-04 0 0 0 0.0214 0 0 0 0.0538 0 0.0482 0 0 0 0 0 0 0 0 0 0 0 0.0324 0 0 0 0.0327 0 0 0 0 0 0.0041 0 0.1004 0 0.2149 0 0 0 0.1482 0 0.0031 0
0 0 0 0 0 0 0 0 0 0 0 0 0 0 0 0.0047 0 0.1902 0 0.0123 0 0 0 0 0 0 0 0 0 0 0 0 0 8e-04 0 0.0042 0 0.0158 0 0.1462 0 0 0 0 0 0 0 0 0 0.0146 0 0 0 0.0322 0 0.0173 0 0 0 0 0 0 0 0 0 0 0 0.0043 0 0 0 0.1177 0 0 0 0 0 0.0016 0 0.0733 0 0.2249 0 0 0 0.14 0 0
0.0037 0 0.004 0 0 0 0 0 0 0 3e-04 0 0.0026 0 0 0 0 0 0 0 0 0 0 0 0 0 0 0 0 0 0 0 3e-04 0 0.2228 0 0.0646 0 0.0669 0 0.0052 0 0 0 0.0011 0 1e-04 0 0 0 0 0 7e-04 0 1e-04 0 0.0028 0 0.001 0 0.0101 0 0 0 0.004 0 0.0047 0 0 0 0.1475 0 0 0 0.1466 0 1e-04 0 0.236 0 0 0 0.0707 0 0 0 0.004 0
0 0.0246 0 3e-04 0 0 0 0 0 1e-04 0 8e-04 0 0 0 0 0 0 0 0 0 0 0 0 0 0 0 0 0 0 0 0 0 0.0027 0 0.2383 0 0.0724 0 0.0942 0 1e-04 0 0 0 2e-04 0 1e-04 0 0 0 0.0025 0 0.0015 0 1e-04 0 2e-04 0 1e-04 0 0.0084 0 0 0 5e-04 0 0.0065 0 0 0 0.0964 0 0 0 0.126 0 1e-04 0 0.242 0 0.0025 0 0.0758 0 0 0 0.0037
0 0 2e-04 0 0.2412 8e-04 2e-04 0 0.0046 0.0061 0.0013 1e-04 1e-04 0 0.0021 0 0 0 1e-04 0 0 0 9e-04 0 0 0 3e-04 0 0 0 0 0 0 0 9e-04 0 0.2261 0.0028 0.015 0 0.012 0.0034 0 0 3e-04 0 1e-04 0 0.0119 0.0021 0.0815 0.0076 0.0128 8e-04 0.0091 4e-04 0.0011 0 0.0011 0 0.0114 0 0.0095 0 0.0037 2e-04 0.1411 2e-04 0.0132 0 0.0035 0 0 0 1e-04 0 0 0 0.0012 0 0 0 0.0024 0 0.0065 0 0 0.1595
0 0.0022 0 3e-04 0.0112 0.0602 0 2e-04 0.0031 0.034 0.0069 0.0266 0 0 0 0 0 0 0 0 0 0 0 0 0 0 0 0 0 0 0 0 0 1e-04 7e-04 0.0066 0.015 0.1911 0.0039 0.01 0 0.0288 0 1e-04 0 0.001 0 3e-04 0.0015 0.0144 2e-04 0.2894 0 0.0066 1e-04 0.0133 6e-04 0.002 2e-04 1e-04 0.0031 0.0174 0 0.0035 0 0.02 0.0049 0.0535 4e-04 6e-04 6e-04 0.0041 0 0 0 0.0048 0 0 0 6e-04 0 0 0 0 0 0.0055 0.1502 0
