0 267 150 197 252 294 322 341 182 222 132 168 129 181 228 367 312 405 283 400 390 397 286 366 437 376 302 355 375 368 409 344 182 292 148 304 191 286 227 336 150 214 142 282 90 253 110 213 291 318 226 288 188 206 226 300 57 278 96 225 122 284 175 307 118 164 227 309 358 369 170 339 245 258 90 318 203 349 143 330 309 403 283 390 150 338 184 229
267 0 194 131 288 253 333 321 203 190 163 135 169 117 359 233 397 317 392 283 402 382 366 430 373 283 345 363 353 405 374 285 296 191 301 152 282 197 330 229 225 157 291 155 252 87 203 93 316 296 285 228 214 169 299 231 266 54 214 91 285 113 302 163 160 108 303 231 372 355 325 179 258 225 313 95 355 203 336 143 398 311 384 281 331 154 230 185
150 194 0 71 273 284 347 356 221 240 121 129 64 92 304 336 346 370 350 374 405 400 358 401 420 375 363 396 403 387 398 364 157 189 208 242 189 215 271 293 52 82 99 140 82 139 73 120 289 298 240 255 255 242 209 229 188 231 177 206 237 260 276 295 145 144 254 275 359 358 243 285 306 299 211 258 219 246 199 231 318 341 309 335 222 261 184 195
197 131 71 0 269 260 335 336 211 217 118 105 85 60 323 290 357 336 363 332 395 384 362 405 391 339 358 382 383 384 377 335 194 148 237 190 208 178 286 253 103 44 167 87 147 73 115 71 285 280 244 227 245 220 224 200 221 173 193 166 258 210 289 249 144 118 262 242 351 342 270 233 292 275 251 195 260 195 247 169 335 307 327 295 259 202 185 169
252 288 273 269 0 78 78 101 129 127 173 175 283 291 113 189 113 180 118 195 140 145 122 144 192 179 126 136 151 129 160 159 189 220 129 189 120 162 73 152 243 254 287 322 287 313 295 306 64 91 47 103 216 227 125 162 226 274 265 289 184 234 159 214 236 239 47 119 115 126 123 199 163 176 200 255 193 249 194 254 150 205 122 193 158 230 88 113
294 253 284 260 78 0 90 79 142 115 185 171 293 285 189 113 174 117 188 121 148 131 174 187 146 120 155 141 133 156 130 121 230 187 194 128 167 121 150 77 263 246 322 299 317 289 313 292 93 66 107 48 226 222 166 127 270 234 288 271 233 190 210 163 247 233 120 48 127 111 196 127 171 165 260 199 251 199 257 199 202 152 186 126 227 165 119 91
322 333 347 335 78 90 0 38 175 160 241 239 353 355 150 175 124 154 125 163 86 89 109 116 142 139 96 68 80 97 114 121 265 271 201 217 196 206 131 158 320 322 366 383 363 371 367 366 99 105 123 134 251 262 195 204 289 308 324 334 236 257 197 222 296 295 118 135 97 104 186 210 172 185 265 280 263 285 267 289 186 207 161 189 226 254 164 169
341 321 356 336 101 79 38 0 182 157 249 241 360 356 185 143 159 128 163 127 97 83 138 146 117 104 112 70 60 120 101 96 286 265 228 199 218 199 164 136 332 324 384 379 379 365 378 364 118 105 146 125 254 259 216 200 308 293 334 327 257 240 218 200 303 295 146 119 112 104 217 185 174 178 291 260 291 271 295 273 215 191 194 167 256 233 178 168
182 203 221 211 129 142 175 182 0 45 100 107 202 206 167 200 233 257 201 232 258 255 169 264 283 197 157 198 208 254 266 163 218 231 146 176 169 188 160 189 216 219 263 282 229 243 216 220 186 194 139 154 91 100 195 209 145 182 153 173 113 147 106 146 125 132 144 165 242 242 152 193 86 89 164 196 242 264 210 237 263 282 232 254 178 217 105 115
222 190 240 217 127 115 160 157 45 0 121 114 224 217 190 156 238 222 215 190 243 233 177 262 252 156 155 182 183 246 241 129 238 217 178 143 186 167 176 153 236 223 291 278 261 240 243 225 179 175 146 128 113 107 205 191 189 162 188 174 157 117 143 106 152 143 154 134 229 223 183 153 88 72 207 164 267 240 243 211 270 253 243 220 212 183 117 101
132 163 121 118 173 185 241 249 100 121 0 37 112 122 213 242 267 289 256 280 311 307 248 313 330 267 247 282 290 299 310 248 158 177 140 172 139 162 187 210 121 128 175 197 144 167 129 144 209 217 155 170 150 142 167 184 129 171 127 153 146 172 172 194 81 83 167 188 276 276 167 207 185 180 155 193 204 226 175 202 266 285 245 267 168 205 94 106
168 135 129 105 175 171 239 241 107 114 37 0 123 116 233 216 275 267 271 256 307 298 260 318 313 249 253 281 283 299 298 236 173 150 167 138 151 135 202 184 132 112 196 175 169 145 147 130 206 205 161 150 161 143 174 161 165 144 153 142 177 147 196 172 99 79 177 166 272 266 192 175 191 177 191 159 224 194 204 166 274 261 256 241 197 170 101 87
129 169 64 85 283 293 353 360 202 224 112 123 0 58 308 335 367 387 357 377 421 416 353 419 435 369 354 393 400 406 416 352 202 223 220 248 219 239 286 304 108 120 142 166 87 131 34 91 312 319 257 270 213 199 246 261 160 201 125 157 214 233 256 273 97 102 270 287 381 380 251 287 279 271 204 244 256 274 222 245 352 370 336 356 236 268 198 206
181 117 92 60 291 285 355 356 206 217 122 116 58 0 335 308 385 369 379 354 423 413 369 432 422 350 362 394 396 414 410 340 232 201 253 216 241 221 307 283 137 104 188 130 144 76 91 33 318 315 271 258 218 191 264 247 202 156 155 124 245 199 280 244 111 86 286 272 385 378 283 255 281 264 248 199 292 243 265 204 372 351 358 333 274 230 210 197
228 359 304 323 113 189 150 185 167 190 213 233 308 335 0 294 114 288 56 299 197 221 90 154 285 268 132 176 210 172 248 230 206 311 101 292 151 264 63 264 272 315 290 392 286 378 308 357 152 198 114 215 226 258 168 262 195 345 260 336 142 308 114 292 256 281 92 231 187 215 66 305 183 217 146 346 178 352 157 353 164 314 120 305 108 334 149 205
367 233 336 290 189 113 175 143 200 156 242 216 335 308 294 0 281 115 291 50 222 189 259 281 157 77 223 196 165 246 175 119 323 212 297 106 268 156 262 72 329 282 397 310 384 290 363 303 201 156 218 118 258 236 267 174 342 203 335 266 310 155 287 117 288 256 232 94 216 185 301 67 208 180 351 147 356 192 359 174 310 163 298 115 331 121 212 155
312 397 346 357 113 174 124 159 233 238 267 275 367 385 114 281 0 230 83 271 117 148 144 63 217 262 173 171 197 77 172 243 217 296 165 290 160 246 86 239 305 336 331 406 348 411 373 404 96 145 115 195 312 332 151 231 291 386 350 398 247 347 220 324 331 342 99 209 96 134 146 298 254 277 240 365 186 326 207 347 83 249 55 255 174 327 175 215
405 317 370 336 180 117 154 128 257 222 289 267 387 369 288 115 230 0 270 83 153 115 263 222 66 138 240 194 168 178 84 177 311 218 300 166 255 161 244 89 347 313 410 347 417 352 411 369 155 104 204 119 335 323 239 154 386 300 400 357 351 259 324 226 354 329 216 101 140 101 301 144 274 261 373 242 331 198 354 218 249 82 250 58 329 179 224 183
283 392 350 363 118 188 125 163 201 215 256 271 357 379 56 291 83 270 0 287 156 186 75 104 256 257 119 146 184 130 217 223 241 331 150 306 182 278 84 264 316 352 337 426 338 415 359 399 144 188 132 220 264 294 190 272 250 374 311 374 193 331 157 308 304 323 109 233 157 189 118 313 203 237 202 366 210 365 203 371 154 303 113 297 157 347 180 227
400 283 374 332 195 121 163 127 232 190 280 256 377 354 299 50 271 83 287 0 193 157 258 261 113 71 222 181 145 223 140 123 343 240 315 147 284 181 267 88 361 319 428 350 420 336 403 350 197 150 228 134 294 277 279 190 374 253 375 315 336 204 308 163 330 302 239 108 195 162 315 110 232 211 375 196 369 217 377 211 304 150 294 106 347 160 235 185
390 402 405 395 140 148 86 97 258 243 311 307 421 423 197 222 117 153 156 193 0 40 168 77 114 191 166 118 124 44 74 190 300 306 253 269 235 245 173 197 371 374 414 432 424 433 434 434 119 123 171 180 336 347 223 232 362 381 403 413 310 332 272 295 374 372 166 179 61 75 237 259 257 270 327 344 288 314 308 334 173 201 163 199 273 300 224 229
397 382 400 384 145 131 89 83 255 233 307 298 416 413 221 189 148 115 186 157 40 0 189 116 74 164 177 123 115 77 37 173 307 287 267 243 242 225 191 167 369 362 418 415 426 416 432 421 121 107 177 160 334 339 228 213 370 360 404 400 321 311 285 273 371 362 177 155 68 58 255 229 256 262 342 318 303 288 324 307 194 170 187 164 290 270 223 216
286 366 358 362 122 174 109 138 169 177 248 260 353 369 90 259 144 263 75 258 168 189 0 147 249 212 49 100 140 162 220 168 279 339 177 288 215 280 125 250 334 358 363 428 350 404 359 385 170 199 154 215 218 249 229 283 242 340 291 340 176 289 126 261 283 300 137 223 184 205 148 289 143 179 213 334 262 366 243 361 218 312 177 293 193 330 188 221
366 430 401 405 144 187 116 146 264 262 313 318 419 432 154 281 63 222 104 261 77 116 147 0 191 250 168 146 171 45 147 234 279 333 222 312 218 277 140 250 363 384 393 451 406 453 426 448 128 160 162 217 340 360 208 262 340 413 394 432 288 367 251 336 375 382 148 225 91 127 200 311 267 291 293 386 250 354 269 375 134 256 117 259 233 347 223 250
437 373 420 391 192 146 142 117 283 252 330 313 435 422 285 157 217 66 256 113 114 74 249 191 0 147 227 168 141 150 47 179 344 279 318 225 283 220 250 146 393 369 451 410 458 412 456 425 167 130 223 165 360 355 267 210 412 351 433 403 368 303 333 263 393 375 229 150 126 94 312 201 285 279 393 297 353 264 376 283 251 136 250 124 345 242 257 228
376 283 375 339 179 120 139 104 197 156 267 249 369 350 268 77 262 138 257 71 191 164 212 250 147 0 170 135 100 221 163 55 347 273 296 171 284 211 250 126 365 333 427 372 410 346 393 349 202 169 220 151 248 237 286 225 341 245 344 294 296 185 262 135 305 285 227 131 205 182 291 140 176 156 346 203 367 263 364 246 309 209 291 166 328 195 227 188
302 345 363 358 126 155 96 112 157 155 247 253 354 362 132 223 173 240 119 222 166 177 49 168 227 170 0 68 102 172 206 122 300 330 204 264 233 269 154 226 343 355 381 420 363 392 364 375 176 192 167 200 203 228 246 276 256 313 292 320 191 258 139 224 279 289 155 202 187 200 180 259 115 146 239 304 292 351 273 341 245 297 208 272 226 304 193 211
355 363 396 382 136 141 68 70 198 182 282 281 393 394 176 196 171 194 146 181 118 123 100 146 168 135 68 0 41 140 152 104 325 329 245 258 255 263 180 203 374 374 418 434 407 412 407 404 167 169 182 189 254 270 259 266 314 330 345 353 252 272 204 230 324 325 174 185 155 160 224 244 163 179 295 306 319 339 314 335 245 261 216 236 268 293 217 220
375 353 403 383 151 133 80 60 208 183 290 283 400 396 210 165 197 168 184 145 124 115 140 171 141 100 102 41 0 155 137 81 340 320 269 240 271 253 206 182 383 374 433 428 422 406 417 402 175 165 198 180 264 272 272 257 335 318 359 350 277 258 232 212 332 327 195 170 160 155 253 220 173 180 322 287 341 322 339 317 264 241 240 212 296 272 228 218
368 405 387 384 129 156 97 120 254 246 299 299 406 414 172 246 77 178 130 223 44 77 162 45 150 221 172 140 155 0 104 215 270 300 226 278 208 243 144 211 349 361 386 424 401 428 417 428 100 122 149 184 336 349 194 227 343 388 391 414 295 343 260 312 365 367 141 189 48 83 209 275 263 280 302 356 251 316 275 339 132 211 123 215 241 311 208 224
409 374 398 377 160 130 114 101 266 241 310 298 416 410 248 175 172 84 217 140 74 37 220 147 47 163 206 152 137 104 0 184 310 269 283 228 248 209 211 150 368 353 421 401 431 406 435 416 128 101 188 152 347 347 231 196 385 354 414 399 341 308 307 271 377 364 192 143 80 51 275 212 274 274 360 306 312 264 337 287 205 138 204 134 307 251 229 212
344 285 364 335 159 121 121 96 163 129 248 236 352 340 230 119 243 177 223 123 190 173 168 234 179 55 122 104 81 215 184 0 334 290 266 191 269 226 224 155 354 333 410 380 388 348 373 343 198 178 203 161 208 206 277 241 303 245 310 279 253 182 214 134 279 267 205 149 207 194 257 170 126 115 308 218 349 290 337 270 300 244 274 205 298 223 210 186
182 296 157 194 189 230 265 286 218 238 158 173 202 232 206 323 217 311 241 343 300 307 279 279 344 347 300 325 340 270 310 334 0 194 116 256 69 193 160 263 106 170 122 245 163 266 201 257 185 215 142 209 288 294 79 185 204 315 248 308 219 314 241 325 225 236 152 235 248 260 148 292 295 304 170 316 68 254 93 271 171 282 169 290 120 285 125 173
292 191 189 148 220 187 271 265 231 217 177 150 223 201 311 212 296 218 331 240 306 287 339 333 279 273 330 329 320 300 269 290 194 0 249 118 184 66 256 153 175 113 246 138 259 173 249 201 206 182 200 140 303 279 176 75 303 215 299 256 310 224 319 238 245 213 224 151 257 238 276 155 304 286 306 182 252 63 272 91 267 169 272 168 276 121 167 123
148 301 208 237 129 194 201 228 146 178 140 167 220 253 101 297 165 300 150 315 253 267 177 222 318 296 204 245 269 226 283 266 116 249 0 258 79 219 82 254 174 229 189 309 190 301 218 279 159 200 97 198 211 233 111 220 136 301 200 284 119 282 131 283 192 218 90 221 220 239 36 285 205 228 86 309 107 301 72 303 167 302 136 297 35 298 93 163
304 152 242 190 189 128 217 199 176 143 172 138 248 216 292 106 290 166 306 147 269 243 288 312 225 171 264 258 240 278 228 191 256 118 258 0 218 79 249 79 239 179 312 204 301 191 277 210 197 160 195 96 240 209 219 111 294 144 280 206 283 127 279 128 224 185 216 89 239 214 275 44 225 197 309 91 304 110 307 78 294 163 287 129 292 42 165 95
191 282 189 208 120 167 196 218 169 186 139 151 219 241 151 268 160 255 182 284 235 242 215 218 283 284 233 255 271 208 248 269 69 184 79 218 0 160 98 211 145 187 178 263 199 272 225 264 121 155 73 154 250 258 36 153 193 290 240 290 187 275 195 277 213 222 83 180 187 200 104 247 240 250 157 284 88 237 103 252 133 240 120 243 99 253 69 126
286 197 215 178 162 121 206 199 188 167 162 135 239 221 264 156 246 161 278 181 245 225 280 277 220 211 269 263 253 243 209 226 193 66 219 79 160 0 210 92 197 151 267 191 273 205 264 223 151 122 153 73 267 248 153 35 283 204 287 248 277 193 276 195 234 206 176 85 201 180 239 111 252 235 283 164 241 88 258 103 232 131 232 120 250 101 129 73
227 330 271 286 73 150 131 164 160 176 187 202 286 307 63 262 86 244 84 267 173 191 125 140 250 250 154 180 206 144 211 224 160 256 82 249 98 210 0 220 234 271 261 346 267 342 290 329 96 145 57 167 238 260 108 204 206 322 264 323 166 289 148 276 247 263 34 186 144 170 66 266 198 222 159 314 140 296 139 305 115 258 76 255 100 290 104 160
336 229 293 253 152 77 158 136 189 153 210 184 304 283 264 72 239 89 264 88 197 167 250 250 146 126 226 203 182 211 150 155 263 153 254 79 211 92 220 0 277 235 345 270 343 266 330 282 148 99 169 57 266 247 204 104 318 214 322 270 293 179 276 156 272 243 187 34 172 142 262 66 223 203 318 160 297 142 309 143 252 108 246 68 287 103 166 108
150 225 52 103 243 263 320 332 216 236 121 132 108 137 272 329 305 347 316 361 371 369 334 363 393 365 343 374 383 349 368 354 106 175 174 239 145 197 234 277 0 92 75 162 92 176 111 164 253 267 205 234 264 258 164 204 187 256 197 239 228 276 263 303 167 171 219 256 322 324 210 282 302 300 191 273 169 237 159 235 271 316 264 315 186 262 156 178
214 157 82 44 254 246 322 324 219 223 128 112 120 104 315 282 336 313 352 319 374 362 358 384 369 333 355 374 374 361 353 333 170 113 229 179 187 151 271 235 92 0 163 79 162 102 145 114 261 256 226 207 268 246 197 168 239 197 223 203 270 227 298 259 175 150 246 224 326 317 263 223 303 288 257 204 238 166 236 154 306 276 303 270 251 190 172 156
142 291 99 167 287 322 366 384 263 291 175 196 142 188 290 397 331 410 337 428 414 418 363 393 451 427 381 418 433 386 421 410 122 246 189 312 178 267 261 345 75 163 0 224 74 238 126 218 298 322 246 297 302 305 198 270 192 322 215 291 242 341 285 368 205 223 254 321 365 374 223 354 345 350 186 345 164 309 146 310 291 379 285 382 187 336 206 243
282 155 140 87 322 299 383 379 282 278 197 175 166 130 392 310 406 347 426 350 432 415 428 451 410 372 420 434 428 424 401 380 245 138 309 204 263 191 346 270 162 79 224 0 222 81 193 121 325 310 298 257 322 290 269 210 308 205 278 223 342 250 369 288 228 193 319 268 385 370 342 244 361 338 334 209 313 167 315 150 375 304 376 297 331 198 246 214
90 252 82 147 287 317 363 379 229 261 144 169 87 144 286 384 348 417 338 420 424 426 350 406 458 410 363 407 422 401 431 388 163 259 190 301 199 273 267 343 92 162 74 222 0 210 61 176 312 333 253 298 249 251 227 285 143 280 148 235 204 302 252 333 146 172 261 320 381 388 222 342 307 311 163 316 205 319 166 305 325 396 309 390 193 327 203 237
253 87 139 73 313 289 371 365 243 240 167 145 131 76 378 290 411 352 415 336 433 416 404 453 412 346 392 412 406 428 406 348 266 173 301 191 272 205 342 266 176 102 238 81 210 0 163 51 331 317 296 255 263 227 287 232 271 140 224 146 305 194 333 239 174 132 316 264 393 379 331 228 314 288 312 166 331 199 317 155 395 327 386 309 326 190 238 205
110 203 73 115 295 313 367 378 216 243 129 147 34 91 308 363 373 411 359 403 434 432 359 426 456 393 364 407 417 417 435 373 201 249 218 277 225 264 290 330 111 145 126 193 61 163 0 123 325 337 268 292 223 216 253 284 149 232 122 182 210 262 257 300 109 127 278 311 395 397 249 317 292 288 192 276 250 303 211 277 357 394 339 381 229 300 211 228
213 93 120 71 306 292 366 364 220 225 144 130 91 33 357 303 404 369 399 350 434 421 385 448 425 349 375 404 402 428 416 343 257 201 279 210 264 223 329 282 164 114 218 121 176 51 123 0 332 324 289 264 229 196 284 252 230 138 177 116 269 189 301 237 131 95 306 275 397 387 309 247 291 269 277 182 319 236 295 191 393 351 379 331 302 218 228 206
291 316 289 285 64 93 99 118 186 179 209 206 312 318 152 201 96 155 144 197 119 121 170 128 167 202 176 167 175 100 128 198 185 206 159 197 121 151 96 148 253 261 298 325 312 331 325 332 0 54 65 102 276 283 107 137 275 307 315 332 240 273 219 252 282 279 72 118 70 81 158 207 225 234 242 278 186 231 209 252 109 165 99 166 183 232 116 131
318 296 298 280 91 66 105 105 194 175 217 205 319 315 198 156 145 104 188 150 123 107 199 160 130 169 192 169 165 122 101 178 215 182 200 160 155 122 145 99 267 256 322 310 333 317 337 324 54 0 103 67 283 281 140 109 302 285 330 323 269 249 248 226 290 277 117 75 80 62 202 164 230 229 279 246 229 195 252 216 156 116 153 112 228 191 134 119
226 285 240 244 47 107 123 146 139 146 155 161 257 271 114 218 115 204 132 228 171 177 154 162 223 220 167 182 198 149 188 203 142 200 97 195 73 153 57 169 205 226 246 298 253 296 268 289 65 103 0 113 227 238 80 148 210 279 253 289 179 249 167 238 225 230 23 135 132 145 101 214 191 204 177 265 147 239 154 249 125 211 101 206 125 235 61 107
288 228 255 227 103 48 134 125 154 128 170 150 270 258 215 118 195 119 220 134 180 160 215 217 165 151 200 189 180 184 152 161 209 140 198 96 154 73 167 57 234 207 297 257 298 255 292 264 102 67 113 0 240 229 150 81 272 218 285 259 248 186 233 169 239 219 132 25 146 126 207 106 201 190 266 179 241 153 252 158 205 127 196 105 230 131 111 64
188 214 255 245 216 226 251 254 91 113 150 161 213 218 226 258 312 335 264 294 336 334 218 340 360 248 203 254 264 336 347 208 288 303 211 240 250 267 238 266 264 268 302 322 249 263 223 229 276 283 227 240 0 49 280 293 142 185 120 147 120 158 123 166 116 134 229 247 328 329 213 253 94 94 190 225 311 334 264 293 348 366 314 333 235 274 192 199
206 169 242 220 227 222 262 259 100 107 142 143 199 191 258 236 332 323 294 277 347 339 249 360 355 237 228 270 272 349 347 206 294 279 233 209 258 248 260 247 258 246 305 290 251 227 216 196 283 281 238 229 49 0 286 277 170 137 130 103 160 114 166 133 107 105 244 233 335 331 241 223 117 96 221 181 327 304 286 258 363 350 332 315 261 240 195 186
226 299 209 224 125 166 195 216 195 205 167 174 246 264 168 267 151 239 190 279 223 228 229 208 267 286 246 259 272 194 231 277 79 176 111 219 36 153 108 204 164 197 198 269 227 287 253 284 107 140 80 150 280 286 0 138 230 307 274 315 221 292 225 291 245 249 92 175 169 181 131 247 263 272 192 293 94 226 129 250 110 218 109 227 127 251 91 134
300 231 229 200 162 127 204 200 209 191 184 161 261 247 262 174 231 154 272 190 232 213 283 262 210 225 276 266 257 227 196 241 185 75 220 111 153 35 204 104 204 168 270 210 285 232 284 252 137 109 148 81 293 277 138 0 299 239 310 282 291 228 289 225 260 236 171 94 183 163 239 137 272 259 291 199 229 96 255 130 209 112 215 114 248 129 136 94
57 266 188 221 226 270 289 308 145 189 129 165 160 202 195 342 291 386 250 374 362 370 242 340 412 341 256 314 335 343 385 303 204 303 136 294 193 283 206 318 187 239 192 308 143 271 149 230 275 302 210 272 142 170 230 299 0 266 80 214 69 260 123 277 109 159 208 291 337 350 149 322 196 214 72 305 218 354 156 331 303 394 271 377 144 330 172 218
278 54 231 173 274 234 308 293 182 162 171 144 201 156 345 203 386 300 374 253 381 360 340 413 351 245 313 330 318 388 354 245 315 215 301 144 290 204 322 214 256 197 322 205 280 140 232 138 307 285 279 218 185 137 307 239 266 0 214 82 273 64 282 116 163 114 295 217 359 341 320 160 222 184 313 71 368 221 346 158 398 307 380 271 333 151 229 181
96 214 177 193 265 288 324 334 153 188 127 153 125 155 260 335 350 400 311 375 403 404 291 394 433 344 292 345 359 391 414 310 248 299 200 280 240 287 264 322 197 223 215 278 148 224 122 177 315 330 253 285 120 130 274 310 80 214 0 148 127 221 171 251 58 109 257 300 379 384 217 309 203 206 152 267 278 345 223 309 361 408 332 385 215 311 204 226
225 91 206 166 289 271 334 327 173 174 153 142 157 124 336 266 398 357 374 315 413 400 340 432 403 294 320 353 350 414 399 279 308 256 284 206 290 248 323 270 239 203 291 223 235 146 182 116 332 323 289 259 147 103 315 282 214 82 148 0 234 116 254 165 108 72 301 264 391 380 303 229 216 188 273 151 357 279 322 222 411 365 388 333 312 222 234 209
122 285 237 258 184 233 236 257 113 157 146 177 214 245 142 310 247 351 193 336 310 321 176 288 368 296 191 252 277 295 341 253 219 310 119 283 187 277 166 293 228 270 242 342 204 305 210 269 240 269 179 248 120 160 221 291 69 273 127 234 0 250 54 254 144 184 172 264 295 310 116 305 144 172 77 302 221 356 164 335 276 372 238 352 132 324 157 205
284 113 260 210 234 190 257 240 147 117 172 147 233 199 308 155 347 259 331 204 332 311 289 367 303 185 258 272 258 343 308 182 314 224 282 127 275 193 289 179 276 227 341 250 302 194 262 189 273 249 249 186 158 114 292 228 260 64 221 116 250 0 247 52 174 136 262 181 318 300 294 131 170 129 300 74 359 228 337 172 371 282 349 242 315 145 208 160
175 302 276 289 159 210 197 218 106 143 172 196 256 280 114 287 220 324 157 308 272 285 126 251 333 262 139 204 232 260 307 214 241 319 131 279 195 276 148 276 263 298 285 369 252 333 257 301 219 248 167 233 123 166 225 289 123 282 171 254 54 247 0 240 179 211 156 247 266 281 115 293 109 147 118 302 237 359 190 340 263 356 223 334 147 321 160 203
307 163 295 249 214 163 222 200 146 106 194 172 273 244 292 117 324 226 308 163 295 273 261 336 263 135 224 230 212 312 271 134 325 238 283 128 277 195 276 156 303 259 368 288 333 239 300 237 252 226 238 169 166 133 291 225 277 116 251 165 254 52 240 0 207 176 249 159 289 270 289 117 149 106 309 100 363 236 344 189 356 263 334 219 317 150 209 160
118 160 145 144 236 247 296 303 125 152 81 99 97 111 256 288 331 354 304 330 374 371 283 375 393 305 279 324 332 365 377 279 225 245 192 224 213 234 247 272 167 175 205 228 146 174 109 131 282 290 225 239 116 107 245 260 109 163 58 108 144 174 179 207 0 52 234 253 347 347 213 255 190 183 168 213 266 288 221 250 339 358 313 334 214 253 169 178
164 108 144 118 239 233 295 295 132 143 83 79 102 86 281 256 342 329 323 302 372 362 300 382 375 285 289 325 327 367 364 267 236 213 218 185 222 206 263 243 171 150 223 193 172 132 127 95 279 277 230 219 134 105 249 236 159 114 109 72 184 136 211 176 52 0 243 230 343 337 240 217 198 180 211 164 285 249 251 205 347 331 325 305 244 210 171 159
227 303 254 262 47 120 118 146 144 154 167 177 270 286 92 232 99 216 109 239 166 177 137 148 229 227 155 174 195 141 192 205 152 224 90 216 83 176 34 187 219 246 254 319 261 316 278 306 72 117 23 132 229 244 92 171 208 295 257 301 172 262 156 249 234 243 0 153 131 150 86 233 189 207 170 283 147 263 150 272 120 228 89 223 116 256 78 128
309 231 275 242 119 48 135 119 165 134 188 166 287 272 231 94 209 101 233 108 179 155 223 225 150 131 202 185 170 189 143 149 235 151 221 89 180 85 186 34 256 224 321 268 320 264 311 275 118 75 135 25 247 233 175 94 291 217 300 264 264 181 247 159 253 230 153 0 151 126 229 89 204 189 287 172 266 153 277 156 223 119 215 89 254 122 134 83
358 372 359 351 115 127 97 112 242 229 276 272 381 385 187 216 96 140 157 195 61 68 184 91 126 205 187 155 160 48 80 207 248 257 220 239 187 201 144 172 322 326 365 385 381 393 395 397 70 80 132 146 328 335 169 183 337 359 379 391 295 318 266 289 347 343 131 151 0 40 211 238 261 271 301 322 240 270 269 296 127 165 125 171 240 270 185 192
369 355 358 342 126 111 104 104 242 223 276 266 380 378 215 185 134 101 189 162 75 58 205 127 94 182 200 160 155 83 51 194 260 238 239 214 200 180 170 142 324 317 374 370 388 379 397 387 81 62 145 126 329 331 181 163 350 341 384 380 310 300 281 270 347 337 150 126 40 0 234 208 263 267 320 298 262 243 290 270 157 129 158 133 263 241 189 181
170 325 243 270 123 196 186 217 152 183 167 192 251 283 66 301 146 301 118 315 237 255 148 200 312 291 180 224 253 209 275 257 148 276 36 275 104 239 66 262 210 263 223 342 222 331 249 309 158 202 101 207 213 241 131 239 149 320 217 303 116 294 115 289 213 240 86 229 211 234 0 297 196 224 94 326 127 324 94 326 163 312 126 306 45 316 113 181
339 179 285 233 199 127 210 185 193 153 207 175 287 255 305 67 298 144 313 110 259 229 289 311 201 140 259 244 220 275 212 170 292 155 285 44 247 111 266 66 282 223 354 244 342 228 317 247 207 164 214 106 253 223 247 137 322 160 309 229 305 131 293 117 255 217 233 89 238 208 297 0 226 195 337 98 335 134 339 106 310 157 302 115 320 55 193 125
245 258 306 292 163 171 172 174 86 88 185 191 279 281 183 208 254 274 203 232 257 256 143 267 285 176 115 163 173 263 274 126 295 304 205 225 240 252 198 223 302 303 345 361 307 314 292 291 225 230 191 201 94 117 263 272 196 222 203 216 144 170 109 149 190 198 189 204 261 263 196 226 0 44 214 233 308 327 274 296 306 321 270 287 233 264 180 184
258 225 299 275 176 165 185 178 89 72 180 177 271 264 217 180 277 261 237 211 270 262 179 291 279 156 146 179 180 280 274 115 304 286 228 197 250 235 222 203 300 288 350 338 311 288 288 269 234 229 204 190 94 96 272 259 214 184 206 188 172 129 147 106 183 180 207 189 271 267 224 195 44 0 240 194 326 302 295 266 324 307 292 269 258 232 184 173
90 313 211 251 200 260 265 291 164 207 155 191 204 248 146 351 240 373 202 375 327 342 213 293 393 346 239 295 322 302 360 308 170 306 86 309 157 283 159 318 191 257 186 334 163 312 192 277 242 279 177 266 190 221 192 291 72 313 152 273 77 300 118 309 168 211 170 287 301 320 94 337 214 240 0 339 163 361 98 350 248 380 216 370 80 348 158 220
318 95 258 195 255 199 280 260 196 164 193 159 244 199 346 147 365 242 366 196 344 318 334 386 297 203 304 306 287 356 306 218 316 182 309 91 284 164 314 160 273 204 345 209 316 166 276 182 278 246 265 179 225 181 293 199 305 71 267 151 302 74 302 100 213 164 283 172 322 298 326 98 233 194 339 0 368 171 358 110 376 248 363 210 343 88 224 161
203 355 219 260 193 251 263 291 242 267 204 224 256 292 178 356 186 331 210 369 288 303 262 250 353 367 292 319 341 251 312 349 68 252 107 304 88 241 140 297 169 238 164 313 205 331 250 319 186 229 147 241 311 327 94 229 218 368 278 357 221 359 237 363 266 285 147 266 240 262 127 335 308 326 163 368 0 309 68 329 138 310 133 322 94 337 154 214
349 203 246 195 249 199 285 271 264 240 226 194 274 243 352 192 326 198 365 217 314 288 366 354 264 263 351 339 322 316 264 290 254 63 301 110 237 88 296 142 237 166 309 167 319 199 303 236 231 195 239 153 334 304 226 96 354 221 345 279 356 228 359 236 288 249 263 153 270 243 324 134 327 302 361 171 309 0 331 66 303 145 311 141 330 93 213 156
143 336 199 247 194 257 267 295 210 243 175 204 222 265 157 359 207 354 203 377 308 324 243 269 376 364 273 314 339 275 337 337 93 272 72 307 103 258 139 309 159 236 146 315 166 317 211 295 209 252 154 252 264 286 129 255 156 346 223 322 164 337 190 344 221 251 150 277 269 290 94 339 274 295 98 358 68 331 0 338 184 344 164 346 49 343 147 213
330 143 231 169 254 199 289 273 237 211 202 166 245 204 353 174 347 218 371 211 334 307 361 375 283 246 341 335 317 339 287 270 271 91 303 78 252 103 305 143 235 154 310 150 305 155 277 191 252 216 249 158 293 258 250 130 331 158 309 222 335 172 340 189 250 205 272 156 296 270 326 106 296 266 350 110 329 66 338 0 336 187 335 167 334 53 212 148
309 398 318 335 150 202 186 215 263 270 266 274 352 372 164 310 83 249 154 304 173 194 218 134 251 309 245 245 264 132 205 300 171 267 167 294 133 232 115 252 271 306 291 375 325 395 357 393 109 156 125 205 348 363 110 209 303 398 361 411 276 371 263 356 339 347 120 223 127 157 163 310 306 324 248 376 138 303 184 336 0 240 43 258 170 327 176 218
403 311 341 307 205 152 207 191 282 253 285 261 370 351 314 163 249 82 303 150 201 170 312 256 136 209 297 261 241 211 138 244 282 169 302 163 240 131 258 108 316 276 379 304 396 327 394 351 165 116 211 127 366 350 218 112 394 307 408 365 372 282 356 263 358 331 228 119 165 129 312 157 321 307 380 248 310 145 344 187 240 0 252 48 330 167 224 181
283 384 309 327 122 186 161 194 232 243 245 256 336 358 120 298 55 250 113 294 163 187 177 117 250 291 208 216 240 123 204 274 169 272 136 287 120 232 76 246 264 303 285 376 309 386 339 379 99 153 101 196 314 332 109 215 271 380 332 388 238 349 223 334 313 325 89 215 125 158 126 302 270 292 216 363 133 311 164 335 43 252 0 262 140 323 156 204
390 281 335 295 193 126 189 167 254 220 267 241 356 333 305 115 255 58 297 106 199 164 293 259 124 166 272 236 212 215 134 205 290 168 297 129 243 120 255 68 315 270 382 297 390 309 381 331 166 112 206 105 333 315 227 114 377 271 385 333 352 242 334 219 334 305 223 89 171 133 306 115 287 269 370 210 322 141 346 167 258 48 262 0 328 135 213 162
150 331 222 259 158 227 226 256 178 212 168 197 236 274 108 331 174 329 157 347 273 290 193 233 345 328 226 268 296 241 307 298 120 276 35 292 99 250 100 287 186 251 187 331 193 326 229 302 183 228 125 230 235 261 127 248 144 333 215 312 132 315 147 317 214 244 116 254 240 263 45 320 233 258 80 343 94 330 49 334 170 330 140 328 0 332 127 197
338 154 261 202 230 165 254 233 217 183 205 170 268 230 334 121 327 179 347 160 300 270 330 347 242 195 304 293 272 311 251 223 285 121 298 42 253 101 290 103 262 190 336 198 327 190 300 218 232 191 235 131 274 240 251 129 330 151 311 222 324 145 321 150 253 210 256 122 270 241 316 55 264 232 348 88 337 93 343 53 327 167 323 135 332 0 205 135
184 230 184 185 88 119 164 178 105 117 94 101 198 210 149 212 175 224 180 235 224 223 188 223 257 227 193 217 228 208 229 210 125 167 93 165 69 129 104 166 156 172 206 246 203 238 211 228 116 134 61 111 192 195 91 136 172 229 204 234 157 208 160 209 169 171 78 134 185 189 113 193 180 184 158 224 154 213 147 212 176 224 156 213 127 205 0 69
229 185 195 169 113 91 169 168 115 101 106 87 206 197 205 155 215 183 227 185 229 216 221 250 228 188 211 220 218 224 212 186 173 123 163 95 126 73 160 108 178 156 243 214 237 205 228 206 131 119 107 64 199 186 134 94 218 181 226 209 205 160 203 160 178 159 128 83 192 181 181 125 184 173 220 161 214 156 213 148 218 181 204 162 197 135 69 0
